Value
0.0003785058726244757
0.0010879257894974043
